16777472 16778240
16779264 16781312
16785408 16793600
16842752 16843008
16843264 16859136
16908288 16909056
16909312 16909568
16909568 16941056
16973824 17039360
17039616 17040896
17040896 17072128
17301504 17367040
17432576 17435136
17435392 17465344
17563648 17825792
18350080 18874368
19726336 19791872
19922944 20185088
20447232 20971520
21233664 21495808
22020096 23068672
24379392 24641536
28573696 28966912
29097984 29884416
30015488 30408704
234881024 234883072
234884096 234885120
234946560 234947584
235929600 236978176
241598464 241599488
241605632 241606656
241631232 243269632
243400704 243531776
243662848 243793920
244318208 245366784
247479296 247480320
247483392 247484416
247726080 247857152
248250368 248381440
248512512 249561088
453509120 455081984
455272448 455274496
455344128 456130560
456271872 456273920
456294400 456327168
456542208 456544256
456562688 456564736
456572928 456589312
459460608 459472896
459505664 459538432
459735040 459800576
459964416 459980800
459983872 459984896
460136448 460144640
460324864 460341248
460345344 460349440
460423168 460439552
460521472 460554240
460598272 460599296
460933120 460935168
460945408 460947456
461373440 461504512
461626368 461627392
462422016 462487552
462684160 463470592
465043456 467927040
603979776 603980800
603981824 603983872
603983872 604110848
604241920 604504064
605028352 606412800
606413824 606414336
606414592 606420992
606601216 607256576
607322112 607387648
607649792 608174080
610271232 618659840
620232704 620494848
620625920 620691456
654311424 654311680
654311936 654315520
654315520 654376960
658505728 660602880
662700032 666894336
704643072 704644096
704645120 704650240
704651264 704659456
704675840 704720896
704720896 704723968
704741376 704774144
704905216 705167360
707788800 708575232
708706304 708751360
708752384 708755456
708771840 708837376
709885952 710017024
710098944 710104064
710105088 710934528
710950912 710961152
710962176 711065600
711131136 711160832
711161856 711163904
711196672 711458816
712507392 712712192
712713216 712769536
713031680 714080256
714866688 714874880
714875904 716898304
716898304 716930048
716931072 716963840
717225984 717422592
717422592 717750272
717815808 717848576
717881344 720437248
720502784 721420288
822345728 822607872
825425920 825753600
826277888 828375040
829423616 830210048
830472192 830472448
830472704 830473216
831258624 831389696
832045056 832307200
835715072 835977216
836501504 836763648
837287936 837550080
837746688 837763072
837795840 837812224
838262784 838270976
973996032 974782464
975044608 975699968
975699968 977272832
977397760 977399808
977403904 977534976
977567744 977600512
978452480 978485248
978518016 978583552
978796544 978812928
979599360 979763200
980680704 980942848
981467136 981991424
982515712 982581248
983171072 983302144
985661440 987758592
988807168 989855744
991952896 993198080
993198080 995360768
996868096 997195776
999751680 999784448
1000013824 1000079360
1001127936 1001390080
1002373120 1002405888
1002434560 1007353856
1007353856 1008730112
1010237440 1010302976
1010761728 1010827264
1017118720 1017249792
1017249792 1019215872
1019346944 1019478016
1019740160 1021313024
1021837312 1021968384
1022033920 1022099456
1022722048 1022754816
1022820352 1022885888
1023148032 1023213568
1023246336 1023279104
1023344640 1023410176
1023692800 1023696896
1023717376 1023721472
1023975424 1023979520
1025245184 1025253376
1025253376 1025277952
1025343488 1025376256
1026392064 1026408448
1026416640 1026420736
1026523136 1026539520
1026555904 1027080192
1029160960 1029177344
1031798784 1032355840
1032355840 1033371648
1033371648 1034027008
1034027008 1035206656
1035206656 1035993088
1038614528 1039007744
1039138816 1039400960
1694498816 1694499840
1694564352 1694565376
1694673920 1694674944
1694760960 1695023104
1695547392 1697775616
1697789952 1697790976
1697906688 1697972224
1697997824 1697998848
1698037760 1698103296
1698160640 1698162688
1698693120 1699479552
1699479552 1699611648
1699618816 1699627008
1699741696 1700793344
1700794368 1700798464
1700823040 1700855808
1701011456 1701019648
1701134336 1701142528
1701143552 1701143808
1701144064 1701150720
1701199872 1701208064
1701209088 1701209856
1701210112 1701216256
1701314560 1701576704
1701724160 1701736448
1701737472 1701740544
1702363136 1702821888
1702887424 1702888448
1702889472 1702903808
1702952960 1703411712
1703936000 1704984576
1707081728 1707737088
1707835392 1707845632
1707846656 1707851776
1707868160 1708130304
1709178880 1709834240
1709850624 1709852672
1709853696 1709867008
1709965312 1710882816
1710948352 1710949376
1710950400 1710956544
1710956544 1711210496
1728120832 1728121856
1728123904 1728125952
1728137216 1728138240
1728141312 1728142336
1728161792 1728162816
1728211968 1728212992
1728224256 1728225280
1728226304 1728227328
1728235520 1728239616
1728271360 1728281600
1728281600 1728286720
1728287744 1728290816
1728329728 1728330752
1728358400 1728359424
1728362496 1728363520
1728390144 1728391168
1728394240 1728396288
1728445440 1728446464
1728465920 1728466944
1728502784 1728503808
1728513024 1728514048
1728519168 1728520192
1728566272 1728569344
1728578560 1728580608
1728585728 1728586752
1728590848 1728591872
1728605184 1728606208
1728617472 1728618496
1728628736 1728630784
1728633856 1728634880
1728681984 1728683008
1728706560 1728709632
1728712704 1728713728
1728730112 1728731136
1728737024 1728737280
1728744448 1728745472
1728820224 1728821248
1728847872 1728848896
1728857088 1728858112
1728874496 1728875520
1728886784 1728887808
1728899072 1728900096
1728936960 1728937984
1728942080 1728943104
1728955392 1728956416
1728967680 1728968704
1728992256 1728993280
1728999424 1729000448
1729004544 1729006592
1729010688 1729011712
1729032192 1729033216
1729037312 1729039360
1729040384 1729041408
1729060864 1729061888
1729087488 1729088512
1729367040 1729368064
1729372160 1729373184
1729392640 1729393664
1729396736 1729397760
1729404928 1729405952
1729427456 1729428480
1729458176 1729460224
1729464320 1729466368
1729474560 1729475584
1729482752 1729483776
1729490944 1729491968
1729495040 1729505280
1729505280 1729519616
1729520640 1729527808
1729543168 1729544192
1729553408 1729554432
1729559552 1729560576
1729562624 1729563648
1729574912 1729575936
1729601536 1729603584
1729605632 1729606656
1729618944 1729619968
1729889280 1729891328
1729940480 1729941504
1729957888 1729958912
1729986560 1729989632
1730024448 1730025472
1730043904 1730044928
1730057216 1730058240
1730070528 1730071552
1730074624 1730075648
1730077696 1730080768
1730084864 1730085888
1730097152 1730104320
1730122752 1730123776
1730125824 1730126848
1730127872 1730128896
1730136064 1730137088
1744048128 1744049152
1744058368 1744067584
1744081920 1744082944
1744086016 1744087040
1744177152 1744179200
1744205824 1744207872
1744208896 1744209920
1744214016 1744216064
1744283648 1744286720
1744291840 1744292864
1744294912 1744295936
1778384896 1778385152
1778385408 1778385920
1778385920 1778393088
1778401280 1778417664
1778515968 1779040256
1779105792 1781727232
1781792768 1782579200
1783234560 1783365632
1783627776 1784676352
1785462784 1786773504
1793064960 1794113536
1845886976 1846018048
1846542336 1846804480
1848115200 1848377344
1848414208 1848418304
1848639488 1848705024
1848836096 1849032704
1849163776 1849819136
1850212352 1850343424
1850408960 1850490880
1850514432 1850515456
1850521600 1850522624
1850523648 1850572800
1850736640 1851523072
1851596800 1851604992
1851654144 1853882368
1855455232 1855848448
1856315392 1856323584
1856372736 1856503808
1856815104 1856843776
1856847872 1856864256
1856880640 1856888832
1857028096 1860173824
1860435968 1860698112
1860706304 1860714496
1860960256 1861091328
1861222400 1866465280
1866596352 1866661888
1866711040 1866715136
1866743808 1866752000
1866989568 1867513856
1867841536 1867907072
1868283904 1868292096
1869611008 1870004224
1870055424 1870057472
1870086144 1870110720
1870135296 1870462976
1870528512 1873281024
1873412096 1873477632
1873543168 1874329600
1874460672 1874591744
1874853888 1876426752
1876787200 1876885504
1876946944 1876947968
1876948992 1876950016
1876951040 1877475328
1877696512 1877704704
1877711872 1877721088
1879048192 1883242496
1883242496 1883504640
1883832320 1884028928
1884291072 1885863936
1886224384 1886257152
1886322688 1886781440
1887043584 1887174656
1887174656 1887764480
1888038912 1888040960
1891631104 1891893248
1893728256 1896480768
1896595456 1896603648
1896611840 1897070592
1897398272 1897660416
1897857024 1897922560
1898708992 1899233280
1899274240 1899282432
1899364352 1899724800
1899749376 1899750400
1899888640 1904345088
1904369664 1904375808
1904476160 1905262592
1908539392 1908670464
1908761600 1908762624
1908932608 1909129216
1909194752 1909456896
1909481472 1909587968
1909719040 1909735424
1909744640 1909745664
1909766144 1909768192
1909784576 1909817344
1909850112 1909981184
1910112256 1912340480
1914437632 1914503168
1916141568 1916272640
1916534784 1917124608
1917796352 1917812736
1917845504 1919680512
1919811584 1919815680
1919827968 1919844352
1919877120 1919885312
1919918080 1919926272
1919942656 1920466944
1921253376 1921318912
1921449984 1921515520
1921646592 1921777664
1921859584 1921861632
1921875968 1921892352
1925447680 1925578752
1925642240 1925644288
1926234112 1929379840
1930952704 1931345920
1931476992 1931739136
1932263424 1933574144
1933918208 1933922304
1934884864 1934901248
1934934016 1934942208
1934999552 1935015936
1935933440 1936457728
1937244160 1937506304
1937510400 1937514496
1939079168 1939472384
1939472384 1939865600
1940275200 1940283392
1940389888 1940914176
1941176320 1941438464
1941831680 1945108480
1946159104 1946161152
1946163200 1946165248
1946222592 1946288128
1946288128 1946943488
1947009024 1947074560
1947205632 1948254208
1949433856 1949437952
1949564928 1949958144
1949990912 1949995008
1950011392 1950015488
1950089216 1950351360
1950482432 1950515200
1950679040 1950777344
1951137792 1951399936
1951727616 1951793152
1952026624 1952030720
1952075776 1952079872
1952102400 1952104448
1952382976 1952448512
1953497088 1953890304
1954545664 1958805504
1958809600 1958821888
1958850560 1958852608
1958871040 1959067648
1959133184 1959239680
1959526400 1959657472
1959723008 1960050688
1960091648 1960095744
1960132608 1960181760
1960189952 1960202240
1960214528 1960247296
1960247296 1960574976
1960837120 1961885696
1962016768 1962541056
1962622976 1962639360
1962672128 1962803200
1962835968 1962868736
1962901504 1962934272
1963458560 1963982848
1964310528 1964507136
1964507136 1965948928
1966080000 1966342144
1966419968 1966424064
1966452736 1966456832
1966669824 1966768128
1966800896 1967783936
1967800320 1967808512
1967816704 1969225728
1969487872 1969618944
1969688576 1969692672
1969694720 1969696768
1969702912 1969704960
1969717248 1969721344
1969793024 1969795072
1969881088 1970012160
1970274304 1970798592
1970814976 1970915328
1970962432 1970995200
1971060736 1975517184
1981284352 1981480960
1981546496 1981808640
1983905792 1984102400
1984131072 1984135168
1984430080 1985085440
1985216512 1985347584
1985486848 1985609728
1985736704 1985740800
1986400256 1986406400
1987051520 1987837952
1987837952 1988034560
1988067328 1988075520
1988362240 1988624384
1989148672 1989410816
1991376896 1991442432
1991507968 1991835648
1991901184 1992097792
1992163328 1992491008
1992491008 1992818688
1992949760 1993342976
1993605120 1993736192
1994391552 1994850304
1995374592 1995440128
1995571200 1995636736
1995702272 1996627968
1996652544 1997078528
1997144064 1997176832
1997506560 1997508608
1997537280 1997602816
1997717504 1997723648
1997725696 1998061568
1998274560 1998454784
1998467072 1998471168
1998569472 1998577664
1998585856 1999028224
1999028224 1999130624
1999142912 1999249408
1999273984 1999278080
1999298560 1999306752
1999372288 1999503360
1999634432 2000158720
2000224256 2000355328
2000388096 2000617472
2000625664 2000633856
2001457152 2001461248
2001600512 2001797120
2001915904 2001920000
2001993728 2002518016
2002780160 2003304448
2003566592 2003697664
2003828736 2006188032
2006228992 2006237184
2006433792 2006450176
2007025664 2007027712
2007072768 2007498752
2008023040 2009071616
2011693056 2011824128
2011922432 2011938816
2012741632 2013003776
2013028352 2013030400
2013065216 2014314496
2014838784 2015100928
2015232000 2016542720
2016673792 2016935936
2017460224 2017984512
2017992704 2018000896
2018017280 2018050048
2018246656 2019033088
2019035136 2019037184
2019164160 2019360768
2019426304 2019557376
2021654528 2021916672
2021916672 2022178816
2022211584 2022227968
2022244352 2022277120
2022670336 2022678528
2025848832 2030043136
2030045184 2030051328
2030305280 2030436352
2030567424 2031878144
2031878144 2032926720
2033057792 2033074176
2033090560 2033319936
2033321984 2033324032
2033385472 2033451008
2033491968 2033500160
2033504256 2033516544
2033627136 2033629184
2033647616 2033664000
2033713152 2033876992
2033879040 2033887232
2033909760 2034237440
2034499584 2034761728
2035023872 2035154944
2035253248 2035269632
2035875840 2035941376
2036629504 2036678656
2036715520 2036719616
2042626048 2043150336
2043199488 2043201536
2043215872 2043281408
2043412480 2043674624
2044723200 2045771776
2046296064 2046558208
2046754816 2046820352
2046836736 2046885888
2047082496 2047574016
2047606784 2047803392
2049966080 2050048000
2050162688 2050228224
2051014656 2053242880
2053505024 2053509120
2053521408 2053529600
2054160384 2054422528
2054619136 2054684672
2055239680 2055241728
2055733248 2056257536
2056290304 2056323072
2056830976 2056847360
2057043968 2057306112
2059141120 2059665408
2059796480 2059862016
2059943936 2059960320
2060005376 2060009472
2060189696 2060451840
2061500416 2063073280
2063079424 2063081472
2063085568 2063089664
2063548416 2063550464
2063630336 2063646720
2063859712 2064646144
2066841600 2066874368
2066915328 2066923520
2067005440 2067726336
2067791872 2070052864
2070118400 2070159360
2070216704 2070282240
2070347776 2070380544
2070708224 2070712320
2070728704 2070732800
2070937600 2072510464
2072530944 2072535040
2072576000 2072772608
2073034752 2074607616
2074607616 2075131904
2075147264 2075148288
2075152384 2075156480
2075197440 2076180480
2076442624 2076573696
2076672000 2076704768
2077097984 2077229056
2078801920 2079064064
2079457280 2079490048
2079588352 2079850496
2079916032 2079981568
2080178176 2080243712
2080784384 2080800768
2081292288 2081554432
2081685504 2081947648
2082258944 2082308096
2082406400 2082471936
2083024896 2083053568
2083127296 2083192832
2083454976 2083471360
2084569088 2084732928
2084765696 2085093376
2085093376 2085617664
2086141952 2086666240
2087454720 2087456768
2087462912 2087464960
2087542784 2087544832
2087714816 2087976960
2087976960 2088239104
2088632320 2089287680
2090041344 2090074112
2090270720 2090401792
2090598400 2090663936
2090860544 2091384832
2091646976 2091909120
2092957696 2093088768
2093219840 2093285376
2093481984 2094006272
2094792704 2096152576
2096234496 2096300032
2096349184 2096365568
2096627712 2096660480
2096693248 2096889856
2097020928 2097037312
2099232768 2100297728
2100985856 2101018624
2101182464 2101231616
2101346304 2103443456
2103443456 2103640064
2103967744 2105540608
2108227584 2108293120
2108358656 2108424192
2110783488 2110799872
2110914560 2111045632
2111111168 2111143936
2111201280 2111209472
2111242240 2111258624
2111307776 2111504384
2111504384 2111832064
2113830912 2113863680
2260992000 2261057536
2332622848 2332688384
2340487168 2340552704
2341732352 2341797888
2342191104 2342256640
2342453248 2342518784
2343174144 2343239680
2343567360 2343632896
2344026112 2344091648
2344222720 2344288256
2344419328 2344484864
2344878080 2346188800
2346450944 2346582016
2346713088 2346778624
2346844160 2346975232
2353725440 2353790976
2358181888 2358247424
2362245120 2362441728
2362572800 2362638336
2363490304 2363555840
2364342272 2364407808
2364538880 2364604416
2364735488 2364801024
2364932096 2364997632
2365128704 2365259776
2365521920 2365587456
2415919104 2415984640
2416377856 2416443392
2416705536 2416771072
2419326976 2419392512
2423980032 2424045568
2432630784 2432696320
2516582400 2516647936
2524119040 2524184576
2524512256 2524643328
2525626368 2525757440
2531196928 2531262464
2533294080 2533359616
2566914048 2566979584
2567110656 2567176192
2569142272 2569404416
2573402112 2573467648
2573533184 2573598720
2574647296 2574778368
2634022912 2634088448
2635202560 2635268096
2638020608 2638086144
2642018304 2642083840
2643722240 2643787776
2644246528 2644312064
2650734592 2650800128
2682388480 2682454016
2714697728 2714763264
2724790272 2724855808
2734686208 2734751744
2742878208 2742943744
2743992320 2744057856
2746286080 2746351616
2746417152 2746482688
2748055552 2748121088
2792292352 2792357888
2810904576 2810970112
2829058048 2829123584
2869428224 2869952512
2871132160 2872049664
2874146816 2875195392
2875719680 2876506112
2876506112 2877292544
2882535424 2883584000
2936012800 2937847808
2937978880 2938109952
2938765312 2938961920
2939027456 2942304256
2942697472 2942763008
2942992384 2943025152
2945581056 2946236416
2946498560 2947547136
2947678208 2947743744
2948104192 2948120576
2948136960 2948595712
3024879616 3025141760
3025403904 3025600512
3025666048 3025928192
3026073600 3026075648
3026083840 3026087936
3026157568 3028287488
3028385792 3028484096
3028811776 3029336064
3029602304 3029604352
3029637120 3029639168
3029653504 3029663744
3029696512 3029704704
3029770240 3029778432
3029860352 3031433216
3031613440 3031629824
3031957504 3032252416
3032323072 3032324096
3033070592 3033268224
3033530368 3033661440
3033718784 3033726976
3033792512 3033923584
3034505216 3034578944
3035168768 3035193344
3035316224 3035324416
3054551040 3054559232
3054632960 3054665728
3055007744 3055009792
3055011840 3055013888
3055550464 3056599040
3056623616 3056631808
3056664576 3056734208
3056758784 3056762880
3056795648 3056861184
3056992256 3057025024
3057451008 3057516544
3058696192 3059548160
3059744768 3063414784
3063742464 3063808000
3063955456 3063963648
3064856576 3064987648
3066560512 3067084800
3068952576 3068985344
3069050880 3069124608
3069181952 3069706240
3070099456 3070164992
3070230528 3074949120
3075388416 3075389440
3075585024 3075586048
3075735552 3075866624
3076227072 3076228096
3076229120 3076235264
3076259840 3076521984
3078619136 3081437184
3081502720 3081764864
3082158080 3082166272
3082289152 3087007744
3229391360 3229391616
3233589760 3233590016
3389023232 3389023744
3389028864 3389029376
3389042688 3389043712
3389227008 3389227520
3389292544 3389300736
3389324288 3389325312
3389392384 3389392896
3389407744 3389408256
3389409280 3389409792
3389413120 3389413888
3389414400 3389414912
3389417216 3389417472
3389418496 3389418752
3389419008 3389419520
3389420032 3389420288
3389435904 3389440000
3389521920 3389522176
3389522432 3389523456
3389524992 3389525248
3389528064 3389528320
3389541632 3389541888
3389554688 3389562880
3389571072 3389575168
3389595648 3389595904
3389596160 3389596672
3389599744 3389600256
3389600512 3389601536
3389602048 3389602816
3389669376 3389673472
3389784320 3389784832
3389788416 3389789184
3389802496 3389802752
3389805568 3389806080
3389808640 3389808896
3389809152 3389809664
3389811200 3389811456
3389812480 3389812736
3389813760 3389814016
3389931520 3389932032
3389932800 3389933056
3389933824 3389934848
3389935104 3389935616
3389937664 3389937920
3389939968 3389940224
3389941760 3389942272
3389942784 3389943296
3389943552 3389943808
3389944320 3389944832
3389945344 3389945856
3389946880 3389947392
3389947648 3389947904
3389948160 3389948416
3389949696 3389950208
3389953280 3389953536
3389953792 3389954048
3389955328 3389956096
3389958400 3389959168
3389960192 3389960448
3389962240 3389962752
3389968384 3389968896
3389969664 3389969920
3389971200 3389971712
3389971968 3389972480
3389972736 3389973504
3389974272 3389974528
3389975296 3389976576
3389978112 3389978368
3389979392 3389979648
3390325248 3390325504
3390328576 3390328832
3390330624 3390331648
3390332416 3390332928
3390337536 3390337792
3390338304 3390338560
3390339072 3390339328
3390340352 3390340608
3390340864 3390341120
3390407424 3390407936
3390409984 3390410496
3390411520 3390412032
3390412288 3390413568
3390413824 3390414080
3390502912 3390504960
3390801920 3390802432
3391488000 3391489024
3391490048 3391492096
3391500288 3391521280
3391521280 3391523584
3391523840 3391524864
3391525376 3391525888
3391526144 3391528192
3391528448 3391529472
3391529984 3391532032
3391533056 3391533568
3391535104 3391553536
3391620096 3391620608
3391620864 3391621120
3391622912 3391623168
3391653632 3391654144
3391654912 3391655168
3391655680 3391656448
3391657472 3391657728
3391658752 3391659264
3391659520 3391660032
3391660544 3391660800
3391686656 3391687168
3391687424 3391688192
3391717376 3391717632
3391717888 3391718400
3391723520 3391725568
3391733760 3391734016
3391746048 3391750144
3391835136 3391836160
3391852544 3391856640
3391885312 3391889408
3391898368 3391898624
3391900160 3391900416
3391914240 3391914496
3391915008 3391915520
3391918592 3391919104
3391946752 3391947520
3391950592 3391954944
3392016384 3392017152
3392017408 3392017920
3392020480 3392028672
3392045056 3392045312
3392069632 3392073728
3392098816 3392099328
3392110080 3392110336
3392110592 3392110848
3392111104 3392111616
3392794624 3392798976
3392864256 3392864512
3392918528 3392919552
3392923648 3392924160
3392924672 3392924928
3392942080 3392944128
3392954368 3392956416
3392958464 3392962560
3392963584 3392970752
3393089536 3393090560
3393124352 3393125632
3393126144 3393126400
3393147136 3393150976
3393167360 3393175552
3393189888 3393190912
3393257472 3393260032
3393388544 3393389568
3393520640 3393521664
3393523712 3393527808
3393585152 3393593344
3393609728 3393613824
3393634304 3393638400
3393726464 3393728512
3393736704 3393740800
3393814528 3393815552
3393849344 3393851392
3393867776 3393871872
3393912320 3393912832
3393966080 3393970176
3393977344 3393978368
3394042880 3394043904
3394064384 3394066432
3394067456 3394068480
3394111488 3394113536
3394232320 3394234368
3394238464 3394239488
3394289664 3394293760
3394306048 3394307072
3394501632 3394502656
3394503680 3394506752
3394508800 3394510848
3394621440 3394625536
3394697472 3394697728
3394698240 3394699264
3394719744 3394723840
3394832384 3394834432
3394895872 3394896896
3394924544 3394928640
3394946048 3394946304
3394953216 3394957312
3394961408 3394962432
3394985984 3394990080
3394994176 3394995200
3395006464 3395010560
3395018752 3395027968
3395028992 3395031040
3395039232 3395043328
3395091456 3395093504
3395156992 3395158016
3395181568 3395182592
3395223552 3395231744
3395284992 3395287040
3395288064 3395323904
3395323904 3395358720
3395358720 3395430400
3395430400 3395479552
3395479552 3395543040
3395543040 3395586048
3395586048 3395674112
3395674112 3395741696
3395741696 3395809280
3395809280 3396313088
3396313088 3396501504
3396501504 3396730880
3396730880 3396995072
3397001216 3397003264
3397009408 3397017600
3397021696 3397026048
3397026816 3397027072
3397083136 3397087232
3397128192 3397131264
3397218304 3397222400
3397234688 3397238784
3397320704 3397321472
3397321472 3397322752
3397323776 3397328896
3397330944 3397337088
3397349376 3397363712
3397369856 3397370880
3397370880 3397374464
3397374976 3397386240
3397517312 3397525504
3397574656 3397582848
3397586944 3397588992
3397595136 3397599232
3397636096 3397640192
3397722112 3397726208
3397794304 3397794560
3397812224 3397816320
3397922816 3397926912
3397963776 3397971968
3398035200 3398035456
3398279168 3398287360
3398307840 3398311936
3398370304 3398371328
3398373376 3398381568
3398383616 3398385664
3398606848 3398610944
3398614016 3398615040
3398616064 3398619136
3398668288 3398672384
3398705152 3398709248
3398713344 3398729728
3398770688 3398778880
3398803456 3398811648
3398819840 3398828032
3398832128 3398840320
3398842368 3398843392
3398877184 3398881280
3398885376 3398894592
3398926336 3398934528
3399004160 3399008256
3399024640 3399025664
3399036928 3399041024
3399335936 3399344128
3399393280 3399401472
3399528448 3399532544
3399631616 3399631872
3399633664 3399633920
3399745536 3399749632
3399751936 3399752192
3399770112 3399778304
3399835648 3399839744
3399856128 3399860224
3399864320 3399868416
3399872256 3399873024
3399873280 3399873536
3399873792 3399874048
3399875328 3399876608
3399933952 3399942144
3400048640 3400056832
3400171520 3400179712
3400194048 3400204288
3400259584 3400261632
3400264448 3400264704
3400269824 3400270848
3400335360 3400336384
3400337408 3400339456
3400392704 3400400896
3400417280 3400421376
3400589312 3400597504
3400790016 3400794112
3400826880 3400835072
3400847360 3400849408
3400888320 3400892416
3400933376 3400937472
3400974336 3400982528
3401383936 3401400320
3401404416 3401408512
3401431040 3401433088
3401515008 3401515264
3401532416 3401539584
3401580544 3402629120
3405775872 3405776896
3405777408 3405777920
3405779456 3405779712
3405780992 3405781248
3405785600 3405786112
3405786368 3405787136
3405795584 3405796352
3405797888 3405798400
3405799424 3405799936
3405801472 3405803520
3405804032 3405804544
3405806080 3405806336
3405807616 3405807872
3405808128 3405809664
3405809920 3405810176
3405811200 3405811456
3405811712 3405811968
3405812224 3405812480
3405812736 3405812992
3405813248 3405814016
3405820160 3405820416
3405832192 3405832448
3405841408 3405842432
3405844992 3405845248
3405847040 3405847552
3405857024 3405857792
3405858304 3405858816
3405859840 3405860352
3405863424 3405863680
3405865216 3405867008
3405868032 3405868288
3405905152 3405905664
3405922304 3405924352
3405924608 3405924864
3405934592 3405936640
3405938176 3405938688
3405941760 3405942016
3405944320 3405944576
3405944832 3405946368
3405946880 3405948928
3405952000 3405952512
3405956096 3405956608
3405959424 3405959680
3405960704 3405961216
3405963776 3405964288
3405964544 3405964800
3405966336 3405966848
3405988864 3405989120
3405989888 3405990400
3405990656 3405990912
3405991936 3405993984
3405996032 3405997056
3405998336 3405998592
3406000128 3406002432
3406002944 3406003200
3406006016 3406006272
3406007040 3406007296
3406008064 3406008320
3406070784 3406071552
3406075648 3406076928
3406081536 3406082048
3406083072 3406083328
3406084608 3406084864
3406089472 3406089728
3406090240 3406091264
3406095104 3406095360
3406095872 3406096384
3406103552 3406104064
3406104320 3406105088
3406105344 3406105600
3406107904 3406108416
3406113792 3406114048
3406114304 3406114816
3406115840 3406117376
3406117888 3406118400
3406131712 3406132224
3406132736 3406132992
3406133248 3406133504
3406146560 3406146816
3406148608 3406149376
3406149888 3406150400
3406150656 3406151424
3406152448 3406152704
3406157312 3406157824
3406158336 3406158848
3406201600 3406201856
3406202880 3406203136
3406203392 3406203904
3406204416 3406204672
3406206464 3406206976
3406208256 3406208512
3406208768 3406209024
3406225408 3406229504
3406231552 3406232064
3406266624 3406266880
3406268928 3406269440
3406271232 3406271488
3406272000 3406272512
3406274048 3406274304
3406282752 3406283264
3406284800 3406285056
3406299136 3406299392
3406301184 3406301440
3406305024 3406307328
3406317056 3406317312
3406320128 3406320384
3406321152 3406321664
3406322432 3406322688
3406327296 3406327808
3406328576 3406328832
3406341632 3406342144
3406342400 3406342656
3406343424 3406343680
3406346240 3406346496
3406346752 3406347264
3406347776 3406348544
3406349568 3406350336
3406351104 3406351360
3406352640 3406354432
3406354688 3406354944
3406355456 3406355712
3406372864 3406373120
3406373888 3406374400
3406379264 3406379520
3406380800 3406381056
3406381312 3406381568
3406382592 3406383360
3406383872 3406384640
3406389248 3406390784
3406392320 3406392576
3406405120 3406405376
3406438912 3406439168
3406444544 3406444800
3406449152 3406449664
3406451712 3406452992
3406454528 3406454784
3406462208 3406462464
3406513664 3406513920
3406515200 3406516224
3406516736 3406516992
3406517248 3406518272
3406521344 3406522368
3406523648 3406523904
3406525696 3406525952
3406526976 3406527232
3406528000 3406528256
3406530560 3406531584
3406531840 3406532608
3406541824 3406542848
3406548992 3406550016
3406565376 3406565632
3406566144 3406566400
3406567424 3406567680
3406575872 3406576128
3406577920 3406578432
3406579200 3406579712
3406583552 3406585856
3406586880 3406587392
3406587648 3406587904
3406590464 3406590720
3406591488 3406591744
3406594560 3406594816
3406596352 3406596608
3406611456 3406614528
3406615296 3406615552
3406617344 3406617600
3406619136 3406619392
3406622720 3406623744
3406631424 3406631680
3406632960 3406633216
3406638080 3406638592
3406647296 3406649856
3406650368 3406651392
3406671104 3406671360
3406684160 3406684672
3406684928 3406685184
3406686464 3406686720
3406698496 3406699520
3406700800 3406701056
3406706688 3406706944
3406707968 3406708480
3406718976 3406719232
3406721536 3406722048
3406722560 3406722816
3406733824 3406734080
3406739456 3406741760
3406742016 3406742528
3406747136 3406747392
3406751488 3406751744
3406755328 3406755584
3406757888 3406761984
3406763008 3406763776
3406780160 3406780928
3406784768 3406785024
3406786560 3406788608
3406791168 3406791680
3406796032 3406796288
3406796544 3406796800
3406797824 3406798848
3406802432 3406802688
3406816000 3406816256
3406817280 3406819840
3406820864 3406821120
3406825984 3406826240
3406826496 3406827008
3406827520 3406829568
3406830336 3406830592
3406833152 3406833408
3406835968 3406836736
3406838272 3406838528
3406857472 3406857728
3406864640 3406865152
3406871040 3406871552
3406881792 3406882048
3406884352 3406884608
3406884864 3406885120
3406886144 3406886400
3406889472 3406889728
3406893568 3406893824
3406896128 3406896384
3406898944 3406899200
3406903296 3406903552
3406907904 3406908416
3406911488 3406912000
3406923776 3406924032
3406930944 3406931200
3406936832 3406937088
3406937600 3406938112
3406948096 3406948352
3406948608 3406948864
3406952448 3406952704
3406954240 3406954496
3406955008 3406955776
3406956288 3406956544
3406962432 3406962688
3406963968 3406964224
3406966784 3406967552
3406967808 3406968064
3406972928 3406973952
3406974976 3406975488
3406976768 3406977024
3406980096 3406980608
3406981376 3406981632
3406981888 3406982144
3406982656 3406982912
3406987520 3406987776
3406988032 3406988800
3406991360 3406991616
3406993664 3406993920
3407005440 3407005696
3407007744 3407008000
3407008512 3407008768
3407009536 3407009792
3407024640 3407024896
3407026176 3407026432
3407027712 3407027968
3407028224 3407030272
3407030528 3407030784
3407031296 3407032064
3407034880 3407035136
3407035392 3407035904
3407036416 3407036672
3407037440 3407037696
3407038464 3407038720
3407045888 3407046144
3407048448 3407048704
3407053568 3407053824
3407054080 3407054336
3407056896 3407057152
3407058176 3407058432
3407059968 3407060224
3407065088 3407065344
3407065600 3407066112
3407073280 3407073536
3407078400 3407079424
3407079680 3407079936
3407081984 3407082240
3407083520 3407084032
3407085312 3407085568
3407089920 3407090176
3407095808 3407096320
3407097856 3407098112
3407101184 3407101440
3407102208 3407102464
3407107072 3407107584
3407108352 3407108608
3407112704 3407113216
3407115008 3407115264
3407115520 3407116288
3407116800 3407117056
3407117824 3407118336
3407120128 3407122432
3407123968 3407124224
3407144448 3407144704
3407144960 3407145216
3407145984 3407146240
3407151104 3407151872
3407153152 3407153408
3407153664 3407153920
3407155712 3407155968
3407159552 3407160064
3407161600 3407161856
3407162368 3407162624
3407168512 3407168768
3407172096 3407172352
3407175680 3407176704
3407182848 3407183104
3407185920 3407186432
3407188224 3407188480
3407203840 3407204096
3407222784 3407223040
3407223808 3407224320
3407224576 3407224832
3407234048 3407234304
3407236096 3407236352
3407236608 3407236864
3407238144 3407238400
3407238912 3407239168
3407240192 3407241216
3407241984 3407242240
3407243776 3407244032
3407247872 3407248384
3407250176 3407250432
3407258368 3407258624
3407259136 3407259392
3407260160 3407260416
3407261696 3407263744
3407266304 3407266560
3407278592 3407279104
3407279360 3407279872
3407281152 3407281664
3407282176 3407282432
3407294208 3407294464
3407297792 3407298560
3407300864 3407301120
3407303936 3407304192
3407305728 3407306752
3407307264 3407307520
3407309568 3407309824
3407310848 3407311104
3407315456 3407315712
3407318016 3407318528
3407326208 3407326464
3407328768 3407329024
3407329792 3407330304
3407331328 3407331584
3407332608 3407333120
3407334400 3407335424
3407339520 3407339776
3407340032 3407341568
3407345920 3407346176
3407346432 3407346688
3407351040 3407351296
3407352320 3407352576
3407354624 3407354880
3407358720 3407358976
3407362048 3407362304
3407362560 3407362816
3407364864 3407365120
3407366656 3407366912
3407367936 3407368704
3407369216 3407369984
3407370752 3407371008
3407376128 3407376640
3407377408 3407377664
3407378944 3407379456
3407384832 3407385088
3407386624 3407387136
3407387904 3407388160
3407388928 3407389184
3407390464 3407390720
3407395328 3407395840
3407398656 3407398912
3407399424 3407399680
3407401984 3407402496
3407403264 3407403520
3407403776 3407404032
3407410176 3407410432
3407418112 3407418880
3407425024 3407425280
3407425536 3407427584
3407429632 3407430144
3407436544 3407436800
3407438592 3407439104
3407440384 3407440640
3407446784 3407447040
3407447808 3407448064
3407448576 3407448832
3407450880 3407451136
3407452416 3407453184
3407455232 3407455488
3407455744 3407456000
3407457792 3407458304
3407459328 3407459584
3407459840 3407460096
3407462144 3407462400
3407464192 3407464704
3407464960 3407465472
3407466496 3407470592
3407471872 3407472128
3407473408 3407473920
3407475200 3407475456
3407481856 3407482112
3407487488 3407487744
3407491328 3407491840
3407492864 3407493632
3407494144 3407494400
3407495424 3407495680
3407496192 3407496448
3407498240 3407498496
3407499264 3407499520
3407500288 3407500544
3407503616 3407503872
3407504896 3407505408
3407508224 3407508736
3407511808 3407512064
3407515392 3407515904
3407516672 3407517184
3407518208 3407518464
3407519232 3407519744
3407522304 3407522560
3407523072 3407523328
3407523840 3407524096
3407526144 3407526400
3407530496 3407531008
3407532544 3407532800
3407533568 3407533824
3407535616 3407535872
3407536128 3407536384
3407537152 3407537408
3407538176 3407538432
3407544320 3407544576
3407546880 3407547136
3407548160 3407548672
3407549440 3407549696
3407549952 3407550464
3407554560 3407554816
3407555840 3407556096
3407557888 3407558144
3407560960 3407561472
3407565056 3407565312
3407566848 3407567104
3407570432 3407570688
3407572224 3407572480
3407574272 3407574528
3407575296 3407576064
3407576320 3407576576
3407595520 3407595776
3407596032 3407596288
3407603968 3407604224
3407606016 3407606272
3407608320 3407608576
3407612416 3407612672
3407612928 3407613184
3407618304 3407619072
3407620864 3407621376
3407623680 3407623936
3407624192 3407624448
3407628544 3407629056
3407629312 3407629568
3407631872 3407632128
3407632384 3407632640
3407638528 3407638784
3407643392 3407643648
3407644672 3407644928
3407645696 3407645952
3407646976 3407647232
3407652096 3407652352
3407653120 3407653632
3407655424 3407655936
3407657216 3407657472
3407657728 3407657984
3407660032 3407660288
3407667712 3407668224
3407671040 3407671296
3407675904 3407676160
3407677440 3407677952
3407678720 3407679232
3407682560 3407682816
3407687168 3407687424
3407689984 3407690240
3407691008 3407691264
3407691520 3407691776
3407693056 3407693312
3407694080 3407694336
3407696128 3407696384
3407698432 3407698688
3407699712 3407699968
3407700992 3407701248
3407701760 3407702016
3407704064 3407704320
3407706112 3407707136
3407721984 3407722496
3407723264 3407723520
3407723776 3407724288
3407727872 3407728128
3407729152 3407729408
3407730944 3407731200
3407733504 3407733760
3407734528 3407734784
3407735040 3407735552
3407738880 3407739136
3407740416 3407740928
3407745024 3407745536
3407747328 3407747584
3407747840 3407748096
3407748352 3407748608
3407757824 3407758080
3407761664 3407761920
3407763200 3407763456
3407769344 3407769600
3407771904 3407772160
3407772416 3407772672
3407779840 3407780096
3407780864 3407781120
3407782400 3407782656
3407785216 3407785472
3407785728 3407785984
3407788800 3407789056
3407790592 3407790848
3407796480 3407796736
3407797248 3407797504
3407797760 3407798016
3407800320 3407800832
3407801088 3407801344
3407802368 3407802880
3407803904 3407804160
3407804928 3407805440
3407817984 3407818496
3407819008 3407819264
3407819520 3407819776
3407820288 3407820800
3407824128 3407824384
3407824896 3407825152
3407826944 3407827200
3407828224 3407828480
3407831296 3407831552
3407833344 3407833856
3407834112 3407834624
3407838208 3407838464
3407847936 3407848192
3407851008 3407851264
3407851776 3407852032
3407852800 3407853056
3407854336 3407854592
3407854848 3407855104
3407858688 3407858944
3407862784 3407863040
3407863296 3407863808
3407864064 3407864320
3407865088 3407865344
3407869952 3407870464
3407871232 3407871488
3407877120 3407877376
3407884288 3407884800
3407886336 3407886592
3407887360 3407887616
3407887872 3407888128
3407889408 3407889920
3407891456 3407891712
3407892736 3407892992
3407893504 3407894016
3407896320 3407896576
3407898112 3407898368
3407898880 3407899136
3407905280 3407905536
3407906048 3407906304
3407907840 3407908096
3407910912 3407911168
3407919616 3407920128
3407921152 3407921408
3407922176 3407922432
3407923968 3407924736
3407926272 3407926528
3407938560 3407938816
3407939328 3407941632
3407942912 3407943168
3407944192 3407944448
3407945728 3407945984
3407953664 3407954176
3407954688 3407955200
3407956224 3407956480
3407957760 3407958016
3407963136 3407963392
3407968768 3407969024
3407970560 3407970816
3407971072 3407971328
3407974656 3407974912
3407977472 3407977728
3407977984 3407978496
3407982080 3407982336
3407984896 3407985152
3407988736 3407988992
3407989248 3407990016
3407990272 3407990784
3407992320 3407992832
3407994880 3407995648
3407997184 3407997440
3407999744 3408000000
3408001536 3408001792
3408004096 3408004352
3408008448 3408008704
3408009984 3408010240
3408013056 3408013312
3408015360 3408015872
3408016896 3408017152
3408017408 3408017920
3408020224 3408020480
3408020736 3408020992
3408022528 3408022784
3408026624 3408026880
3408030208 3408030464
3408032000 3408032256
3408040704 3408040960
3408041472 3408041728
3408041984 3408042496
3408044288 3408044800
3408050944 3408051200
3408052224 3408054272
3408055296 3408056320
3408062464 3408062720
3408064512 3408064768
3408065024 3408065280
3408065792 3408066048
3408067328 3408067584
3409379840 3409380608
3409381888 3409382144
3409382656 3409382912
3409384960 3409385216
3409387008 3409387264
3409403136 3409403392
3409405184 3409405440
3409407232 3409407744
3409409024 3409409536
3409409792 3409410048
3409412096 3409412608
3409416704 3409417216
3409428480 3409428736
3409429504 3409429760
3409435136 3409435648
3409435904 3409436160
3409436672 3409436928
3409445120 3409445376
3409445888 3409446144
3409447936 3409448192
3409451008 3409451264
3409454592 3409454848
3409455104 3409455360
3409456640 3409456896
3409457152 3409459200
3409462272 3409462784
3409465856 3409466880
3409469184 3409469440
3409473024 3409473280
3409475840 3409476096
3409486080 3409486336
3409488128 3409488384
3409488896 3409489408
3409489664 3409489920
3409491712 3409491968
3409492224 3409492480
3409492736 3409492992
3409494016 3409494272
3409495552 3409495808
3409496320 3409496576
3409498112 3409498880
3409499648 3409499904
3409500160 3409500416
3409502976 3409503488
3409504256 3409504512
3409506304 3409506560
3409509376 3409509632
3409509888 3409510144
3409511680 3409512192
3409513472 3409513984
3409517568 3409517824
3409520384 3409520640
3409522176 3409522432
3409525248 3409525504
3409526016 3409526272
3409527296 3409527552
3409528064 3409528832
3409529088 3409529344
3409533440 3409533696
3409536256 3409536512
3409538304 3409538560
3409541888 3409542144
3409550592 3409550848
3409561600 3409561856
3409562112 3409562368
3409563136 3409563392
3409567232 3409567488
3409567744 3409571840
3409573376 3409573888
3409574144 3409574400
3409575168 3409575936
3409838592 3409838848
3409871616 3409871872
3409873664 3409873920
3409879296 3409879552
3409888512 3409888768
3409896448 3409897472
3409897984 3409898240
3409901056 3409901312
3410796544 3410797568
3410798592 3410799616
3410867200 3410868224
3410898944 3410903040
3410952192 3410956288
3410960384 3410964480
3411018752 3411019264
3411025920 3411030016
3411032320 3411032576
3411051520 3411058688
3411083264 3411085312
3411087360 3411091456
3411148800 3411149312
3411152896 3411154944
3411214336 3411215360
3411228672 3411230720
3411271680 3411275776
3411410944 3411443712
3411475968 3411476480
3411550208 3411558400
3411591168 3411599360
3411607552 3411608576
3411609600 3411611648
3411642368 3411643392
3411673088 3411674112
3411675136 3411676160
3411705856 3411730432
3411746816 3411755008
3411763200 3411767296
3411769344 3411771392
3411804160 3411805184
3411845120 3411853312
3411869696 3411872768
3411872768 3411937280
3411937280 3411943424
3412000768 3412002816
3412025344 3412049920
3412058112 3412066304
3412264960 3412271104
3412283392 3412287488
3412336640 3412342784
3412344576 3412344832
3412348928 3412361216
3412377600 3412381696
3412598784 3412602880
3412680704 3412697088
3412787200 3412819968
3413024768 3413032960
3413037056 3413041152
3413043200 3413043968
3413308416 3413309440
3413557248 3413565440
3413569792 3413570048
3413571584 3413572608
3413579776 3413582848
3413594112 3413595136
3413595392 3413595648
3413602560 3413639168
3414171648 3414179840
3414188032 3414196224
3414220800 3414222848
3414231040 3414233088
3414302720 3414310912
3414433792 3414441984
3414618112 3414620160
3414646784 3414654976
3414663168 3414667264
3415138304 3415146496
3415236608 3415244800
3415277568 3415285760
3415474176 3415495680
3415496192 3415496704
3415563264 3415564288
3415752704 3415760896
3415769088 3415777280
3415801856 3415802880
3416047616 3416064000
3416133632 3416135680
3416287232 3416289280
3416293632 3416293888
3416309760 3416317952
3416326144 3416327168
3416372224 3416372480
3416375296 3416383488
3416694784 3416702976
3416784896 3416793088
3416930816 3416931328
3416981504 3416982528
3417038848 3417042944
3417179136 3417179392
3417179904 3417180160
3417202688 3417210880
3417276416 3417284608
3417292800 3417333760
3417352192 3417354240
3417853952 3417858048
3418071040 3418079232
3418161152 3418161664
3418162688 3418163200
3418189824 3418190848
3418210304 3418218496
3418251264 3418255360
3418290432 3418290688
3418292224 3418292736
3418296320 3418300416
3418308608 3418324992
3418329088 3418333184
3418357760 3418365952
3418480640 3418488832
3418519552 3418521600
3418570752 3418578944
3418583040 3418585088
3418587136 3418619904
3418619904 3418624000
3419073536 3419074560
3419226112 3419234304
3419242496 3419275264
3419357184 3419411456
3419414528 3419422720
3419529216 3419537408
3419668480 3419672576
3419688960 3419693056
3419924480 3419926528
3420372992 3420377088
3420389376 3420395520
3523346432 3523354624
3523543040 3523551232
3523557376 3523559424
3523575808 3523584000
3524001792 3524083712
3524083712 3524132864
3524149248 3524157440
3524161536 3524247552
3524296704 3524313088
3524591616 3524722688
3524730880 3524739072
3524853760 3526361088
3526395904 3526397952
3526557696 3526656000
3526656000 3526754304
3526934528 3526942720
3527933952 3528081408
3528081408 3528359936
3528359936 3528392704
3528409088 3528425472
3528450048 3528458240
3528589312 3528720384
3528949760 3528966144
3535388672 3535405056
3535822848 3535831040
3544186880 3544711168
3545235456 3546480640
3546480640 3546808320
3548905472 3549331456
3549331456 3551002624
3657433088 3658743808
3658743808 3659530240
3661103104 3661627392
3661627392 3663888384
3663888384 3663986688
3664009216 3664052224
3664248832 3664314368
3664314368 3664642048
3669606400 3669614592
3669618688 3669620736
3670016000 3671064576
3673161728 3673686016
3673751552 3673817088
3678928896 3678994432
3679584256 3679649792
3679682560 3679715328
3682598912 3684040704
3684040704 3684597760
3684597760 3684696064
3688366080 3689414656
3689414656 3689938944
3690070016 3690463232
3697655808 3697672192
3698327552 3698589696
3700981760 3701014528
3701080064 3701211136
3701473280 3704619008
3706126336 3706142720
3706159104 3706191872
3706208256 3706224640
3706322944 3706388480
3706847232 3706978304
3707209728 3707211776
3707240448 3707568128
3707764736 3708125184
3708125184 3708600320
3708616704 3708813312
3715760128 3715891200
3716186112 3716415488
3716538368 3716546560
3716677632 3716808704
3719036928 3719823360
3720347648 3720859648
3720863744 3721134080
3721134080 3723362304
3723362304 3723493376
3725590528 3729391616
3729391616 3730833408
3732733952 3732799488
3732832256 3732865024
3732930560 3733979136
3735027712 3735289856
3735552000 3735846912
3735846912 3738828800
3738828800 3739222016
3740270592 3740925952
3741319168 3742367744
3742629888 3742760960
3743135744 3743136768
3745513472 3749052416
3749183488 3749838848
3750756352 3752067072
3752198144 3752329216
3753902080 3754033152
3754295296 3754426368
3754491904 3754688512
3754950656 3755474944
3755737088 3755868160
3755978752 3755986944
3757047808 3757834240
3757867008 3757899776
3757965312 3758063616
3758091264 3758092288
3758095360 3758095872
